1000
990.0
980.1
970.299
960.59601
950.9900498999999
941.480149401
932.0653479069899
922.74469442792
913.5172474836407
904.3820750088043
895.3382542587163
886.3848717161292
877.5210229989679
868.7458127689781
860.0583546412884
851.4577710948755
842.9431933839268
834.5137614500875
826.1686238355866
817.9069375972307
809.7278682212584
801.6305895390458
793.6142836436553
785.6781408072187
777.8213593991466
770.0431458051551
762.3427143471035
754.7192872036325
747.1720943315961
739.7003733882801
732.3033696543973
724.9803359578533
717.7305325982747
710.553227272292
703.4476949995691
696.4132180495734
689.4490858690776
682.5545950103868
675.7290490602829
668.9717585696801
662.2820409839833
655.6592205741434
649.102628368402
642.6116020847179
636.1854860638707
629.823631203232
623.5253948911997
617.2901409422876
611.1172395328647
605.006067137536
598.9560064661606
592.966446401499
587.036781937484
581.1664141181092
575.3547499769281
569.6012024771588
563.9051904523873
558.2661385478634
552.6834771623847
547.1566423907609
541.6850759668533
536.2682252071847
530.9055429551129
525.5964875255618
520.3405226503062
515.1371174238031
509.9857462495651
504.88588878706946
499.83702989919874
494.83865960020677
489.8902730042047
484.99137027416265
480.14145657142103
475.34004200570683
470.5866415856498
465.88077516979325
461.2219674180953
456.60974774391434
452.0436502664752
447.5232137638104
443.0479816261723
438.6175018099106
434.2313267918115
429.88901352389337
425.59012338865443
421.3342221547679
417.1208799332202
412.949671133888
408.8201744225491
404.7319726783236
400.68465295154033
396.6778064220249
392.71102835780465
388.7839180742266
384.89607889348434
381.0471181045495
377.236646923504
373.46428045426893
369.7296376497262
366.03234127322895
362.37201786049667
358.7482976818917
355.16081470507277
351.60920655802204
348.0931144924418
344.61218334751743
341.16606151404227
337.75440089890185
334.3768568899128
331.0330883210137
327.7227574378035
324.44552986342546
321.2010745647912
317.9890638191433
314.8091731809519
311.6610814491424
308.54447063465096
305.45902592830447
302.40443566902144
299.3803913123312
296.3865873992079
293.4227215252158
290.48849430996364
287.583609366864
284.70777327319536
281.8606955404634
279.04208858505876
276.25166769920816
273.48915102221605
270.7542595119939
268.04671691687395
265.3662497477052
262.7125872502281
260.08546137772584
257.4846067639486
254.9097606963091
252.360663089346
249.83705645845254
247.33868589386802
244.86529903492934
242.41664604458003
239.99247958413423
237.5925547882929
235.21662924040996
232.86446294800587
230.5358183185258
228.23046013534054
225.94815553398712
223.68867397864724
221.45178723886076
219.23726936647216
217.04489667280743
214.87444770607934
212.72570322901854
210.59844619672836
208.49246173476106
206.40753711741345
204.3434617462393
202.30002712877692
200.27702685748915
198.27425658891426
196.29151402302512
194.32859888279486
192.38531289396693
190.46145976502726
188.556845167377
186.67127671570321
184.8045639485462
182.95651830906073
181.12695312597012
179.3156835947104
177.5225267587633
175.74730149117565
173.98982847626388
172.24993019150125
170.52743088958624
168.82215658069038
167.13393501488346
165.46259566473464
163.80796970808728
162.1698900110064
160.54819111089634
158.94270919978737
157.3532821077895
155.77974928671162
154.2219517938445
152.67973227590608
151.15293495314702
149.64140560361557
148.14499154757942
146.66354163210363
145.1969062157826
143.7449371536248
142.30748778208854
140.88441290426766
139.47556877522499
138.08081308747273
136.700004956598
135.33300490703203
133.97967485796173
132.6398781093821
131.31347932828828
130.0003445350054
128.70034108965535
127.4133376787588
126.1392043019712
124.8778122589515
123.62903413636198
122.39274379499835
121.16881635704837
119.95712819347789
118.7575569115431
117.56998134242767
116.3942815290034
115.23033871371337
114.07803532657623
112.93725497331046
111.80788242357735
110.68980359934157
109.58290556334816
108.48707650771468
107.40220574263753
106.32818368521116
105.26490184835905
104.21225282987545
103.17013030157669
102.13842899856093
101.11704470857532
100.10587426148956
99.10481551887466
98.11376736368591
97.13262969004904
96.16130339314856
95.19969035921707
94.2476934556249
93.30521652106864
92.37216435585796
91.44844271229938
90.53395828517638
89.62861870232462
88.73233251530137
87.84500919014835
86.96655909824686
86.0968935072644
85.23592457219175
84.38356532646984
83.53972967320513
82.70433237647308
81.87728905270835
81.05851616218126
80.24793100055945
79.44545169055385
78.6509971736483
77.86448720191183
77.08584232989271
76.31498390659378
75.55183406752785
74.79631572685257
74.04835256958404
73.3078690438882
72.57479035344932
71.84904244991482
71.13055202541567
70.41924650516151
69.71505404010989
69.0179034997088
68.32772446471171
67.64444722006459
66.96800274786395
66.29832272038531
65.63533949318146
64.97898609824965
64.32919623726715
63.68590427489448
63.04904523214554
62.418554779824085
61.79436923202584
61.17642553970558
60.56466128430853
59.95901467146544
59.359424524750786
58.76583027950328
58.17817197670824
57.596390256941156
57.02042635437174
56.45022209082803
55.88571986991975
55.326862671220546
54.77359404450834
54.225858104063256
53.68359952302262
53.146763527792395
52.61529589251447
52.08914293358932
51.56825150425343
51.0525689892109
50.542043299318784
50.036622866325594
49.53625663766234
49.04089407128572
48.55048513057286
48.06498027926713
47.58433047647446
47.10848717170972
46.63740229999262
46.17102827699269
45.709317994222765
45.25222481428054
44.79970256613773
44.35170554047635
43.90818848507159
43.469106600220876
43.03441553421867
42.604071378876476
42.17803066508771
41.75625035843683
41.33868785485246
40.92530097630394
40.516047966540896
40.110887486875484
39.70977861200673
39.31268082588666
38.91955401762779
38.53035847745151
38.145054892676995
37.763604343750224
37.38596830031272
37.01210861730959
36.6419875311365
36.275567655825135
35.912811979266884
35.55368385947421
35.19814702087947
34.84616555067067
34.497703895163966
34.152726856212325
33.8111995876502
33.4730875917737
33.13835671585596
32.8069731486974
32.478903417210425
32.15411438303832
31.832573239207935
31.514247506815856
31.1991050317477
30.887113981430222
30.578242841615918
30.27246041319976
29.96973580906776
29.67003845097708
29.373338066467312
29.07960468580264
28.788808638944612
28.500920552555165
28.215911347029614
27.933752233559318
27.654414711223723
27.377870564111486
27.104091858470373
26.83305093988567
26.564720430486812
26.299073226181942
26.036082493920123
25.77572166898092
25.51796445229111
25.2627848077682
25.010156959690516
24.760055390093612
24.512454836192674
24.26733028783075
24.02465698495244
23.784410415102915
23.546566310951885
23.311100647842366
23.077989641363942
22.8472097449503
22.618737647500797
22.39255027102579
22.16862476831553
21.946938520632376
21.727469135426052
21.51019444407179
21.29509249963107
21.08214157463476
20.871320158888413
20.662606957299527
20.455980887726533
20.251421078849265
20.048906868060772
19.848417799380165
19.649933621386364
19.4534342851725
19.258899942320774
19.066310942897566
18.87564783346859
18.686891355133906
18.500022441582566
18.31502221716674
18.13187199499507
17.95055327504512
17.77104774229467
17.59333726487172
17.417403892223003
17.24322985330077
17.070797554767765
16.900089579220086
16.731088683427885
16.563777796593605
16.398140018627668
16.23415861844139
16.071817032256977
15.911098861934407
15.751987873315063
15.594467994581912
15.438523314636093
15.284138081489733
15.131296700674834
14.979983733668085
14.830183896331404
14.681882057368089
14.535063236794407
14.389712604426464
14.245815478382198
14.103357323598376
13.962323750362392
13.822700512858768
13.68447350773018
13.547628772652878
13.412152484926349
13.278030960077086
13.145250650476315
13.013798143971552
12.883660162531838
12.75482356090652
12.627275325297454
12.501002572044479
12.375992546324035
12.252232620860795
12.129710294652186
12.008413191705664
11.888329059788607
11.769445769190721
11.651751311498813
11.535233798383825
11.419881460399987
11.305682645795986
11.192625819338026
11.080699561144646
10.9698925655332
10.860193639877869
10.75159170347909
10.644075786444299
10.537635028579857
10.432258678294058
10.327936091511118
10.224656730596006
10.122410163290047
10.021186061657145
9.920974201040574
9.821764459030168
9.723546814439867
9.626311346295468
9.530048232832513
9.434747750504188
9.340400272999146
9.246996270269154
9.154526307566462
9.062981044490797
8.97235123404589
8.88262772170543
8.793801444488377
8.705863430043493
8.618804795743058
8.532616747785628
8.447290580307772
8.362817674504694
8.279189497759647
8.196397602782051
8.11443362675423
8.033289290486689
7.952956397581822
7.873426833606004
7.794692565269944
7.716745639617245
7.639578183221072
7.563182401388861
7.487550577374972
7.412675071601223
7.33854832088521
7.265162837676358
7.192511209299594
7.120586097206599
7.049380236234533
6.978886433872187
6.909097569533465
6.8400065938381305
6.771606527899749
6.703890462620752
6.636851557994544
6.570483042414598
6.504778211990453
6.439730429870548
6.375333125571842
6.311579794316124
6.248463996372963
6.185979356409233
6.124119562845141
6.0628783672166895
6.002249583544523
5.942227087709077
5.882804816831986
5.823976768663666
5.76573700097703
5.7080796309672595
5.650998834657587
5.594488846311011
5.5385439578479
5.483158518269422
5.428326933086727
5.3740436637558595
5.320303227118301
5.267100194847118
5.214429192898647
5.16228490096966
5.110662051959964
5.059555431440364
5.00895987712596
4.9588702783547
4.909281575571153
4.860188759815442
4.811586872217287
4.763471003495114
4.715836293460163
4.668677930525561
4.621991151220306
4.575771239708103
4.530013527311022
4.484713392037912
4.439866258117532
4.395467595536357
4.351512919580993
4.307997790385183
4.264917812481332
4.222268634356518
4.180045948012953
4.1382454885328235
4.096863033647495
4.0558944033110205
4.01533545927791
3.975182104685131
3.9354302836382797
3.8960759808018968
3.8571152209938777
3.8185440687839387
3.7803586280960992
3.7425550418151383
3.705129491396987
3.668078196483017
3.6313974145181867
3.5950834403730045
3.5591326059692743
3.5235412799095815
3.4883058671104856
3.4534228084393805
3.4188885803549867
3.3846996945514367
3.3508526976059225
3.3173441706298634
3.2841707289235647
3.251329021634329
3.218815731417986
3.186627574103806
3.154761298362768
3.1232136853791403
3.091981548525349
3.0610617330400953
3.0304511157096945
3.0001466045525977
2.9701451385070716
2.9404436871220008
2.9110392502507807
2.8819288577482727
2.85310956917079
2.824578473479082
2.796332688744291
2.768369361856848
2.7406856682382794
2.7132788115558966
2.6861460234403376
2.6592845632059343
2.632691717573875
2.606364800398136
2.5803011523941546
2.554498140870213
2.5289531594615107
2.5036636278668953
2.4786269915882264
2.453840721672344
2.4293023144556205
2.4050092913110643
2.380959198397954
2.3571496064139743
2.3335781103498348
2.3102423292463365
2.287139905953873
2.2642685068943345
2.2416258218253913
2.219209563607137
2.1970174679710657
2.175047293291355
2.1532968203584413
2.1317638521548568
2.110446213633308
2.089341751496975
2.0684483339820052
2.0477638506421854
2.0272862121357633
2.0070133500144056
1.9869432165142615
1.9670737843491188
1.9474030465056276
1.9279290160405713
1.9086497258801656
1.889563228621364
1.8706675963351502
1.8519609203717986
1.8334413111680805
1.8151068980563998
1.7969558290758358
1.7789862707850774
1.7611964080772267
1.7435844439964543
1.7261485995564898
1.708887113560925
1.6917982424253157
1.6748802600010626
1.658131457401052
1.6415501428270414
1.6251346413987708
1.608883294984783
1.5927944620349352
1.576866517414586
1.5610978522404402
1.5454868737180358
1.5300320049808556
1.514731684931047
1.4995843680817365
1.4845885244009192
1.46974263915691
1.4550452127653408
1.4404947606376874
1.4260898130313107
1.4118289149009975
1.3977106257519876
1.3837335194944678
1.369896184299523
1.3561972224565277
1.3426352502319625
1.3292088977296428
1.3159168087523463
1.302757640664823
1.2897300642581746
1.276832763615593
1.264064435979437
1.2514237916196427
1.2389095537034462
1.2265204581664118
1.2142552535847477
1.2021127010489003
1.1900915740384113
1.178190658298027
1.1664087517150468
1.1547446641978962
1.1431972175559173
1.1317652453803582
1.1204475929265545
1.109243116997289
1.098150685827316
1.0871691789690427
1.0762974871793523
1.0655345123075588
1.0548791671844833
1.0443303755126385
1.0338870717575122
1.023548201039937
1.0133127190295377
1.0031795918392423
0.9931477959208499
0.9832163179616414
0.973384154782025
0.9636503132342047
0.9540138101018626
0.944473672000844
0.9350289352808355
0.9256786459280272
0.9164218594687469
0.9072576408740594
0.8981850644653188
0.8892032138206656
0.8803111816824589
0.8715080698656343
0.862792989166978
0.8541650592753082
0.845623408682555
0.8371671745957294
0.8287955028497721
0.8205075478212743
0.8123024723430616
0.804179447619631
0.7961376531434347
0.7881762766120003
0.7802945138458803
0.7724915687074215
0.7647666530203473
0.7571189864901439
0.7495477966252424
0.74205231865899
0.7346317954724001
0.7272854775176761
0.7200126227424993
0.7128124965150743
0.7056843715499236
0.6986275278344244
0.6916412525560801
0.6847248400305193
0.6778775916302141
0.671098815713912
0.6643878275567728
0.657743949281205
0.651166509788393
0.644654844690509
0.638208296243604
0.631826213281168
0.6255079511483562
0.6192528716368727
0.6130603429205039
0.6069297394912989
0.6008604420963859
0.594851837675422
0.5889033192986678
0.5830142861056811
0.5771841432446243
0.5714123018121781
0.5656981787940563
0.5600411970061157
0.5544407850360545
0.548896377185694
0.543407413413837
0.5379733392796987
0.5325936058869017
0.5272676698280327
0.5219949931297524
0.5167750431984549
0.5116072927664703
0.5064912198388056
0.5014263076404175
0.49641204456401333
0.4914479241183732
0.48653344487718947
0.48166811042841756
0.4768514293241334
0.47208291503089206
0.46736208588058314
0.4626884650217773
0.45806158037155953
0.4534809645678439
0.4489461549221655
0.44445669337294386
0.4400121264392144
0.43561200517482224
0.431255885123074
0.4269433262718433
0.42267389300912483
0.4184471540790336
0.4142626825382433
0.41012005571286086
0.4060188551557323
0.40195866660417495
0.3979390799381332
0.3939596891387519
0.3900200922473644
0.3861198913248907
0.3822586924116418
0.3784361054875254
0.3746517444326501
0.37090522698832357
0.36719617471844035
0.3635242129712559
0.35988897084154337
0.35629008113312793
0.3527271803217967
0.3491999085185787
0.3457079094333929
0.34225083033905895
0.3388283220356684
0.3354400388153117
0.3320856384271586
0.328764782042887
0.3254771342224581
0.32222236288023354
0.3190001392514312
0.31581013785891693
0.31265203648032774
0.3095255161155245
0.3064302609543692
0.3033659583448255
0.30033229876137724
0.29732897577376344
0.2943556860160258
0.29141212915586556
0.2884980078643069
0.28561302778566383
0.2827568975078072
0.2799293285327291
0.2771300352474018
0.2743587348949278
0.2716151475459785
0.2688989960705187
0.2662100061098135
0.26354790604871536
0.2609124269882282
0.2583033027183459
0.25572026969116246
0.25316306699425084
0.25063143632430834
0.24812512196106526
0.2456438707414546
0.24318743203404006
0.24075555771369966
0.23834800213656265
0.23596452211519703
0.23360487689404505
0.2312688281251046
0.22895613984385355
0.22666657844541502
0.22439991266096088
0.22215591353435127
0.21993435439900774
0.21773501085501767
0.21555766074646748
0.2134020841390028
0.21126806329761277
0.20915538266463665
0.2070638288379903
0.20499319054961038
0.20294325864411428
0.20091382605767313
0.1989046877970964
0.19691564091912545
0.19494648450993418
0.19299701966483485
0.1910670494681865
0.18915637897350465
0.1872648151837696
0.18539216703193193
0.18353824536161262
0.18170286290799648
0.17988583427891652
0.17808697593612735
0.17630610617676606
0.1745430451149984
0.1727976146638484
0.1710696385172099
0.1693589421320378
0.16766535271071742
0.16598869918361026
0.16432881219177414
0.1626855240698564
0.16105866882915784
0.15944808214086625
0.15785360131945758
0.156275065306263
0.15471231465320037
0.15316519150666838
0.1516335395916017
0.15011720419568567
0.14861603215372882
0.14712987183219153
0.14565857311386962
0.14420198738273093
0.14275996750890363
0.1413323678338146
0.13991904415547643
0.13851985371392167
0.13713465517678244
0.13576330862501462
0.13440567553876448
0.13306161878337683
0.13173100259554305
0.13041369256958762
0.12910955564389176
0.12781846008745285
0.1265402754865783
0.12527487273171253
0.12402212400439541
0.12278190276435146
0.12155408373670794
0.12033854289934086
0.11913515747034745
0.11794380589564397
0.11676436783668753
0.11559672415832066
0.11444075691673745
0.11329634934757007
0.11216338585409437
0.11104175199555343
0.10993133447559789
0.10883202113084191
0.10774370091953349
0.10666626391033815
0.10559960127123477
0.10454360525852242
0.1034981692059372
0.10246318751387783
0.10143855563873905
0.10042417008235166
0.09941992838152815
